4294967278,391
4294967278,60
4294967278,59
4294967278,58
4294967278,57
4294967278,56
4294967278,55
4294967278,54
4294967278,53
4294967278,52
4294967278,51
4294967278,50
4294967278,49
4294967278,48
4294967278,47
4294967278,46
4294967278,45
4294967278,44
4294967278,43
4294967278,42
4294967278,41
4294967278,40
4294967278,39
4294967278,38
4294967278,37
4294967278,36
4294967278,35
4294967278,34
4294967278,33
4294967278,32
4294967278,31
4294967278,30
4294967279,174
4294967279,82
4294967279,81
4294967279,80
4294967279,79
4294967279,77
4294967279,76
4294967279,75
4294967279,74
4294967279,73
4294967279,71
4294967279,68
4294967279,67
4294967279,64
4294967279,539
4294967279,62
4294967279,61
4294967279,60
4294967279,58
4294967279,56
4294967279,54
4294967279,53
4294967279,51
4294967279,50
4294967279,49
4294967279,48
4294967279,46
4294967279,45
4294967279,43
4294967279,260
4294967279,39
4294967279,37
4294967279,36
4294967279,35
4294967279,33
4294967279,32
4294967279,30
4294967279,28
4294967279,27
4294967279,22
4294967279,21
4294967279,19
4294967279,17
4294967279,16
4294967279,15
4294967279,13
4294967279,12
4294967279,9
4294967279,149
4294967279,148
4294967279,144
4294967279,143
4294967279,141
4294967279,139
4294967279,138
4294967278,138
4294967279,272
4294967278,277
4294967279,136
4294967278,136
4294967279,135
4294967279,134
4294967279,133
4294967279,271
4294967278,276
4294967278,288
4294967278,287
4294967279,279
4294967278,399
4294967279,308
4294967278,273
4294967279,277
4294967278,270
4294967279,265
4294967294,1418
4294967278,382
4294967279,275
4294967279,258
4294967278,264
4294967279,257
4294967279,533
4294967278,285
4294967278,375
211,5
211,4
211,3
211,2
211,1
4294967278,390
4294967279,569
4294967279,252
4294967278,314
4294967294,115
4294967294,114
4294967278,271
4294967279,551
4294967279,251
4294967279,550
4294967278,363
4294967294,1014
4294967294,1001
4294967294,170
4294967279,250
4294967278,253
4294967278,398
4294967278,349
4294967278,250
4294967278,248
4294967279,247
4294967278,242
209,5
4294967279,245
209,4
209,3
209,2
209,1
4294967278,243
4294967278,238
4294967279,238
4294967278,237
4294967278,235
4294967279,234
4294967278,232
207,6
4294967278,229
207,5
207,4
207,3
207,2
207,1
4294967279,220
4294967294,120
4294967278,217
4294967279,216
4294967279,214
206,5
4294967279,213
4294967279,212
206,4
206,3
206,2
206,1
4294967279,211
4294967278,210
4294967279,210
4294967278,201
205,5
4294967279,203
205,4
4294967278,202
205,3
205,2
205,1
4294967279,202
4294967278,352
204,5
4294967278,196
204,4
204,3
204,2
204,1
4294967294,392
4294967294,393
4294967294,388
4294967278,370
4294967279,515
4294967279,514
4294967279,190
4294967278,369
4294967294,76
4294967278,186
4294967278,184
202,4
202,3
202,2
202,1
4294967278,183
4294967294,468
4294967294,389
4294967294,423
4294967294,999
4294967279,335
4294967278,305
4294967294,397
4294967294,29
4294967294,420
4294967294,405
4294967294,1004
4294967294,118
4294967294,449
4294967294,464
4294967294,164
4294967279,564
4294967278,304
4294967279,299
4294967278,303
4294967279,298
4294967294,418
4294967279,327
4294967278,302
4294967294,91
4294967294,90
4294967294,87
4294967294,85
4294967294,84
4294967294,1174
4294967294,1017
4294967294,426
4294967294,40
4294967294,41
4294967294,38
4294967294,37
4294967294,9
4294967294,436
4294967294,43
4294967294,51
4294967294,52
4294967294,12
4294967294,82
4294967294,83
4294967294,11
4294967294,68
4294967278,132
4294967278,131
4294967278,130
4294967278,129
4294967278,128
4294967278,127
4294967278,126
4294967278,125
4294967278,124
4294967278,123
4294967278,122
4294967278,121
4294967278,120
4294967278,119
4294967278,118
4294967278,117
4294967278,116
4294967278,115
4294967278,114
4294967278,113
4294967278,112
4294967278,111
4294967278,110
4294967278,109
4294967278,108
4294967278,107
4294967278,106
4294967278,105
4294967278,219
4294967278,104
4294967278,103
4294967278,102
4294967278,101
4294967278,100
4294967278,358
4294967278,99
4294967278,98
4294967278,97
4294967278,96
4294967278,95
4294967278,94
4294967278,332
4294967278,93
4294967278,92
4294967278,91
4294967278,90
4294967278,87
4294967278,86
4294967278,85
4294967278,84
4294967278,82
4294967278,81
4294967278,80
4294967278,79
4294967278,78
4294967278,77
4294967278,76
4294967278,75
4294967278,73
4294967278,72
4294967278,71
4294967278,70
4294967278,68
4294967278,67
4294967278,66
4294967278,65
4294967278,64
4294967278,63
4294967278,62
4294967278,61
4294967279,72
4294967279,70
4294967279,69
4294967279,66
4294967279,65
4294967279,63
4294967279,57
4294967279,52
4294967279,47
4294967279,44
4294967279,42
4294967279,38
4294967279,34
4294967279,31
4294967279,29
4294967279,24
4294967279,20
4294967279,18
4294967279,8
4294967279,7
4294967279,6
4294967279,4
4294967279,59
4294967279,169
4294967278,168
4294967279,168
4294967279,167
4294967278,155
4294967278,154
4294967279,40
4294967278,318
4294967278,308
4294967278,260
4294967278,296
4294967279,528
4294967278,146
4294967278,145
201,5
201,4
201,3
201,2
201,1
4294967278,139
4294967279,26
4294967294,163
4294967294,998
4294967294,997
4294967279,25
4294967279,23
4294967279,309
4294967278,286
199,5
199,4
199,2
199,1
4294967279,14
4294967279,522
4294967279,11
4294967278,397
4294967279,521
197,6
4294967279,10
4294967278,0
197,5
4294967279,5
197,4
197,3
197,2
197,1
4294967279,281
4294967278,261
4294967278,278
4294967279,556
196,5
4294967279,571
196,4
196,3
196,2
196,1
4294967279,273
4294967278,312
4294967279,249
195,5
195,4
4294967278,246
195,3
195,2
195,1
4294967279,240
4294967278,362
194,5
194,4
194,3
194,2
194,1
4294967279,232
4294967279,575
4294967278,213
192,4
192,3
192,2
